# Locations: 13
   0  710  231  392  723  705  493  529  798  420  113  265  607
 710    0  550  521  415  698  453  766  381  421   66  416  256
 231  550    0  380  597  575  538  569  268  234  406  613  425
 392  521  380    0  692  684  813  739  299  256  685  694  149
 723  415  597  692    0   61   79  700  340  230  688  834  302
 705  698  575  684   61    0  214  502  565  556  534  499  478
 493  453  538  813   79  214    0  117  538  697  718  631  299
 529  766  569  739  700  502  117    0  854  448  216  763  361
 798  381  268  299  340  565  538  854    0  433  449   98  254
 420  421  234  256  230  556  697  448  433    0   75  319  227
 113   66  406  685  688  534  718  216  449   75    0  477  644
 265  416  613  694  834  499  631  763   98  319  477    0  145
 607  256  425  149  302  478  299  361  254  227  644  145    0
# Flow:
   0    0  580  234  413  406  379  337  679   88  732  559  232
   0    0  282  672  844  367  418  782  572  613  713  618  863
 580  282    0  678    0  319    0  666  129    0  497  662  429
 234  672  678    0  408  355  433  376  630  118  727  594   22
 413  844    0  408    0  739  892    0  454  598    0  622  517
 406  367  319  355  739    0  672  353  425  391  294  594    0
 379  418    0  433  892  672    0  551  559  453  634  298    0
 337  782  666  376    0  353  551    0  652    0  541    0  293
 679  572  129  630  454  425  559  652    0    0  457  490  590
  88  613    0  118  598  391  453    0    0    0  547  584    0
 732  713  497  727    0  294  634  541  457  547    0  816    0
 559  618  662  594  622  594  298    0  490  584  816    0  336
 232  863  429   22  517    0    0  293  590    0    0  336    0
