# Locations: 14
   0  471  555  456  360  542  700  602  462  726  671  260  290  416
 471    0  185  304  740  402  447  164  375  221  726  351  236  469
 555  185    0  246  340  532  531  154  535  493  400  395  694  295
 456  304  246    0  328  795  528  362  823  685  581  590  930  416
 360  740  340  328    0  193  683  735  674  289  621  684  507  578
 542  402  532  795  193    0  395  756  433  517  583  559  424   70
 700  447  531  528  683  395    0  388  490  597  121  702  175  727
 602  164  154  362  735  756  388    0  470  436  669  400  296  170
 462  375  535  823  674  433  490  470    0  656  145  651  169  504
 726  221  493  685  289  517  597  436  656    0  182  545  716  291
 671  726  400  581  621  583  121  669  145  182    0  303  412  765
 260  351  395  590  684  559  702  400  651  545  303    0  558  648
 290  236  694  930  507  424  175  296  169  716  412  558    0  563
 416  469  295  416  578   70  727  170  504  291  765  648  563    0
# Flow:
   0  737    0  668  747  384  519    0  304  645  587  783  817  693
 737    0  213  509    0  490  268  702  611  542  237  362  404  639
   0  213    0  763  435  387  333  521  415    0  506  223  529  559
 668  509  763    0  677  701    0  704  448  802    0  312    0  192
 747    0  435  677    0  578  516  329    0  292  823  441  231  508
 384  490  387  701  578    0    0  626  402    0  629  662  135  621
 519  268  333    0  516    0    0    0  853  237  506  389    0  382
   0  702  521  704  329  626    0    0  461  443  148  635  540  902
 304  611  415  448    0  402  853  461    0  292  490  655  143  467
 645  542    0  802  292    0  237  443  292    0  324    0   96  129
 587  237  506    0  823  629  506  148  490  324    0  247  607  476
 783  362  223  312  441  662  389  635  655    0  247    0  645  381
 817  404  529    0  231  135    0  540  143   96  607  645    0  641
 693  639  559  192  508  621  382  902  467  129  476  381  641    0
