# Locations: 17
   0  524  687  502  618  540  260  489  355  195  652  202  584  933  563  573  769
 524    0  693  745  199  428  669  436  624  503  565  788  480  722  127  388  346
 687  693    0  261  479  512  349  172  392  501  674  795  261  426  631  490  579
 502  745  261    0   92  267  407  802  648  140  502  482  551  406  837  572  757
 618  199  479   92    0  389  530  724  474  277  487  171  718  692  747  661  387
 540  428  512  267  389    0  697  908  795  661  392  687  715  848  499  196  775
 260  669  349  407  530  697    0  359  355  689  722  297  276  631  664  479  410
 489  436  172  802  724  908  359    0  541  272  464  543  219  342  553  826  826
 355  624  392  648  474  795  355  541    0  364  442  494  679  108  344  666  181
 195  503  501  140  277  661  689  272  364    0  471  193  643  415  595  840  481
 652  565  674  502  487  392  722  464  442  471    0  759  414  254   30  177  724
 202  788  795  482  171  687  297  543  494  193  759    0  650  405  678  703  241
 584  480  261  551  718  715  276  219  679  643  414  650    0  640  539  717  841
 933  722  426  406  692  848  631  342  108  415  254  405  640    0  400   75  508
 563  127  631  837  747  499  664  553  344  595   30  678  539  400    0  535  317
 573  388  490  572  661  196  479  826  666  840  177  703  717   75  535    0  137
 769  346  579  757  387  775  410  826  181  481  724  241  841  508  317  137    0
# Flow:
   0    0  566    0    0  781  727  868  569  593  657  862  147  245    0  564  591
   0    0  370  548  181  193  494  495  579  564    0  256  487  928  225  750  248
 566  370    0    0  208  785  713  449  432  567  580  626   34  443  365  583  281
   0  548    0    0  838  680  658  192    0  578  221    0    0    0  589  531  125
   0  181  208  838    0    0  153  727  512  519  284    0    0  556  464  586  569
 781  193  785  680    0    0  560  533  165  780  651  760  540  251  394  149  339
 727  494  713  658  153  560    0  311  646  898  471  190  359  680    0  404  632
 868  495  449  192  727  533  311    0  673  255  402  452  859  726  517  483  626
 569  579  432    0  512  165  646  673    0  842  548  443  567  484  601  269    0
 593  564  567  578  519  780  898  255  842    0  942  648  219  721  578  800  621
 657    0  580  221  284  651  471  402  548  942    0  578  501  444   46  580    0
 862  256  626    0    0  760  190  452  443  648  578    0  538   79  326  343  652
 147  487   34    0    0  540  359  859  567  219  501  538    0  540  813  291  900
 245  928  443    0  556  251  680  726  484  721  444   79  540    0  327  504  284
   0  225  365  589  464  394    0  517  601  578   46  326  813  327    0  487   58
 564  750  583  531  586  149  404  483  269  800  580  343  291  504  487    0  840
 591  248  281  125  569  339  632  626    0  621    0  652  900  284   58  840    0
