# Locations: 11
   0  437  593  368  128  364  530  495  327  170  165
 437    0  566  438  412  474  614  500  419  577  211
 593  566    0  347  271  616  544  338  259  500  440
 368  438  347    0  338  293  967  464  262  928  631
 128  412  271  338    0  256   94  669  736  624  741
 364  474  616  293  256    0  556  629  702  828  565
 530  614  544  967   94  556    0  409  608  802  426
 495  500  338  464  669  629  409    0  618  481  211
 327  419  259  262  736  702  608  618    0  576  484
 170  577  500  928  624  828  802  481  576    0  942
 165  211  440  631  741  565  426  211  484  942    0
# Flow:
   0  693  213  896    0  537  619    0    0    0  354
 693    0  815  259  474  665  338  317  629  435  485
 213  815    0  348    0  443  795  479  808    0  336
 896  259  348    0  457  447  630  660  459    0  673
   0  474    0  457    0  907  465  519  640  863  184
 537  665  443  447  907    0    0  143  294  347  159
 619  338  795  630  465    0    0  611  526    0  597
   0  317  479  660  519  143  611    0  394  243  469
   0  629  808  459  640  294  526  394    0  576    0
   0  435    0    0  863  347    0  243  576    0  472
 354  485  336  673  184  159  597  469    0  472    0
