# Locations: 16
   0  638   89  538  561  473  446  779  792  631  509  379  931  482  864   90
 638    0  213  227  511  293   70  525  358  197  278  490  454  544  346  745
  89  213    0  824  392  602  133  816  869  190  523  872   93  672  145  678
 538  227  824    0  819  560  540  249  531  332  443  684  392  394  608  253
 561  511  392  819    0  619  452  329  540  479  653  567  660  523  424  766
 473  293  602  560  619    0  648  359  261  290  746  275  789  556  194  404
 446   70  133  540  452  648    0  320  513  117  316  291  919  220  756  703
 779  525  816  249  329  359  320    0  896   96  482  311  400  378  549  516
 792  358  869  531  540  261  513  896    0  414  509  514  252  603  900  377
 631  197  190  332  479  290  117   96  414    0  267  761  935  398  600  314
 509  278  523  443  653  746  316  482  509  267    0  177  735  624  931  490
 379  490  872  684  567  275  291  311  514  761  177    0  526  488  519  432
 931  454   93  392  660  789  919  400  252  935  735  526    0  552  356  601
 482  544  672  394  523  556  220  378  603  398  624  488  552    0  547  358
 864  346  145  608  424  194  756  549  900  600  931  519  356  547    0  221
  90  745  678  253  766  404  703  516  377  314  490  432  601  358  221    0
# Flow:
   0  539  338  546   74  398  379    0  295  507  631  620  425  835  388    0
 539    0  833  503  924  762  770  286  482  575  515  551  378  558  578  149
 338  833    0  195  492  422  631    0  599  876  124  477  564  402  169  409
 546  503  195    0  467  591  366   22  286  576  377  825  571  695  630  290
  74  924  492  467    0  305    0  562  192  561  639  820   78  565  438  397
 398  762  422  591  305    0  513  441  770  400  756  586  548  654  863  205
 379  770  631  366    0  513    0  307  428  637  183    0  503  563  285  424
   0  286    0   22  562  441  307    0  281  844  697  639  553    0  399  504
 295  482  599  286  192  770  428  281    0  617  610  608  164  546  726  366
 507  575  876  576  561  400  637  844  617    0  619  452    0    0    0  667
 631  515  124  377  639  756  183  697  610  619    0  785  118  692    0    0
 620  551  477  825  820  586    0  639  608  452  785    0  188    0  155  703
 425  378  564  571   78  548  503  553  164    0  118  188    0  129  568  599
 835  558  402  695  565  654  563    0  546    0  692    0  129    0   90    0
 388  578  169  630  438  863  285  399  726    0    0  155  568   90    0  303
   0  149  409  290  397  205  424  504  366  667    0  703  599    0  303    0
