# Locations: 8
   0  223  186  418  553  401  475  250
 223    0  509  571  630  292  728  275
 186  509    0  437  498  816  629  373
 418  571  437    0  422  818  437  421
 553  630  498  422    0  343  333  793
 401  292  816  818  343    0  751  734
 475  728  629  437  333  751    0  298
 250  275  373  421  793  734  298    0
# Flow:
   0  427  251  842  306    0  703    0
 427    0  173  114  600  296    0  123
 251  173    0  423  602  376  204  628
 842  114  423    0  250    0  207  454
 306  600  602  250    0  614  740    0
   0  296  376    0  614    0   95  178
 703    0  204  207  740   95    0    0
   0  123  628  454    0  178    0    0
